# time tx ty tz qx qy qz qw
0.000000 0.000000 0.000000 0.000000 0.000000 0.000000 0.000000 1.000000
1.000000 -0.283428 -0.896351 0.340917 -0.010006 0.002330 -0.000420 0.999947
2.000000 -0.217113 -0.616477 1.298661 -0.022528 0.004422 -0.000970 0.999736
3.000000 -0.571295 -1.174048 2.049440 -0.036223 0.008650 0.002041 0.999304
4.000000 -0.586127 -0.672141 2.914234 -0.049175 0.013547 0.007859 0.998667
5.000000 -0.344127 -0.814872 1.954514 -0.064914 0.018362 0.012659 0.997642
6.000000 -0.257653 -1.750101 1.611194 -0.078433 0.023595 0.015841 0.996514
7.000000 0.373178 -1.182628 2.140369 -0.085089 0.024251 0.017697 0.995921
8.000000 -0.370333 -1.758843 1.801005 -0.095066 0.034193 0.026114 0.994541
9.000000 -0.058225 -1.855008 0.855838 -0.102002 0.042846 0.031393 0.993365
10.000000 0.009440 -1.860641 1.853530 -0.104407 0.050169 0.040378 0.992447
11.000000 0.609630 -2.652606 1.965617 -0.122574 0.041459 0.043832 0.990624
12.000000 0.079541 -2.210253 1.242202 -0.106505 0.053905 0.051443 0.991516
13.000000 -0.611184 -1.585897 0.877402 -0.089776 0.069623 0.060150 0.991703
14.000000 -0.247580 -2.499221 0.694014 -0.081580 0.080390 0.061265 0.991528
15.000000 0.060110 -2.774262 -0.216853 -0.053632 0.097215 0.056622 0.992203
16.000000 0.725006 -3.519405 -0.268581 -0.041351 0.105761 0.059444 0.991752
17.000000 1.247822 -4.368422 -0.192202 -0.050006 0.100679 0.050678 0.992368
18.000000 0.680342 -3.871971 0.464687 -0.016929 0.120627 0.049950 0.991296
19.000000 1.290578 -4.547116 0.050210 0.000076 0.132120 0.055474 0.989680
20.000000 0.748919 -3.865680 -0.441979 0.039103 0.154452 0.061347 0.985318
21.000000 0.333047 -3.073758 -0.889090 0.072776 0.174119 0.065548 0.979842
22.000000 0.561135 -3.956045 -1.300849 0.085777 0.187744 0.074279 0.975642
23.000000 0.421609 -3.228784 -0.628819 0.116305 0.199089 0.083967 0.969426
24.000000 0.672106 -4.112743 -1.023618 0.129156 0.205399 0.089628 0.965969
25.000000 -0.013389 -3.422110 -0.793137 0.153638 0.216239 0.092680 0.959712
26.000000 0.387621 -4.249649 -1.186036 0.165247 0.216782 0.098439 0.957083
27.000000 0.139162 -5.160424 -1.515820 0.177000 0.224711 0.102183 0.952751
28.000000 0.589639 -5.873488 -2.053044 0.184869 0.225606 0.105402 0.950692
29.000000 0.737058 -5.200374 -1.328348 0.200821 0.230529 0.100807 0.946766
30.000000 0.736957 -4.265310 -1.682827 0.224135 0.234524 0.098483 0.940778
31.000000 0.296079 -3.379150 -1.825468 0.249658 0.241807 0.094727 0.932860
32.000000 0.332923 -3.351839 -0.826521 0.271101 0.248122 0.094640 0.925193
33.000000 0.138160 -2.515593 -0.313920 0.305052 0.258854 0.091840 0.911868
34.000000 -0.204560 -1.912017 0.405968 0.339363 0.274964 0.087434 0.895312
35.000000 -0.199161 -2.522394 -0.386124 0.281529 0.274261 0.085485 0.915541
36.000000 -0.152431 -3.177280 -1.140406 0.271612 0.285866 0.071951 0.916150
37.000000 -0.407474 -2.858688 -2.053343 0.287705 0.292981 0.071255 0.909016
38.000000 -0.032956 -3.170471 -1.180114 0.305495 0.300814 0.065312 0.901065
39.000000 -0.400456 -2.326888 -1.571663 0.326813 0.304651 0.062828 0.892431
40.000000 -0.636740 -1.435568 -1.958599 0.344343 0.309321 0.057778 0.884539
41.000000 -0.728429 -2.040203 -2.749806 0.329373 0.307993 0.063924 0.890263
42.000000 -0.787542 -1.177725 -2.247175 0.353180 0.314467 0.051082 0.879639
43.000000 -1.141517 -1.011389 -3.167520 0.360209 0.318656 0.044077 0.875651
44.000000 -1.413842 -0.520385 -3.995018 0.369901 0.321695 0.040855 0.870641
45.000000 -1.330141 -0.953602 -4.892413 0.364082 0.317772 0.039102 0.874607
46.000000 -0.998872 -1.132677 -3.966026 0.369293 0.320051 0.032404 0.871860
47.000000 -1.371693 -1.495661 -4.819986 0.373253 0.322406 0.028621 0.869435
48.000000 -0.835699 -1.876078 -4.066333 0.378147 0.322902 0.026360 0.867205
49.000000 -1.127201 -1.125801 -4.659722 0.379256 0.323397 0.023380 0.866621
50.000000 -1.996785 -0.755455 -4.986322 0.379440 0.322839 0.023449 0.866747
51.000000 -2.127033 0.124095 -5.443954 0.375968 0.319975 0.026601 0.869227
52.000000 -2.061346 -0.747445 -4.958050 0.365652 0.322780 0.029523 0.872491
53.000000 -1.690661 -1.242498 -4.172229 0.355269 0.323304 0.037877 0.876256
54.000000 -1.016740 -1.777630 -3.662853 0.343172 0.321511 0.046272 0.881319
55.000000 -0.686329 -2.364918 -2.923988 0.329717 0.323094 0.050375 0.885640
56.000000 -0.675528 -1.384715 -2.726290 0.317450 0.319117 0.066387 0.890496
57.000000 -1.060728 -2.279932 -2.950361 0.281252 0.329045 0.075814 0.898264
58.000000 -1.377759 -1.609622 -3.621313 0.262031 0.330253 0.085566 0.902746
59.000000 -1.074333 -0.839255 -3.060539 0.254591 0.330507 0.089430 0.904406
60.000000 -0.633955 -0.434397 -2.259192 0.235458 0.334802 0.093295 0.907614
61.000000 -0.249654 -0.972035 -1.508687 0.217096 0.338341 0.098856 0.910287
62.000000 -0.524546 -0.279944 -2.176103 0.198483 0.339550 0.106662 0.913200
63.000000 -0.845054 0.396981 -2.838709 0.178566 0.339734 0.113616 0.916398
64.000000 -0.449791 0.191502 -1.943418 0.159650 0.340626 0.119913 0.918753
65.000000 -0.830208 0.640427 -2.751966 0.140668 0.342476 0.128825 0.919960
66.000000 -0.640203 -0.336402 -2.850479 0.089149 0.343037 0.135446 0.925220
67.000000 -0.281032 -1.163930 -2.418978 0.066483 0.345855 0.142265 0.925054
68.000000 0.081889 -1.205223 -1.488074 0.049915 0.347726 0.151822 0.923875
69.000000 0.019875 -0.208254 -1.441094 0.049525 0.345715 0.163820 0.922600
70.000000 0.181397 -1.188054 -1.323182 0.011602 0.346300 0.177613 0.921084
71.000000 0.550384 -1.266919 -0.397100 -0.005369 0.345409 0.188263 0.919359
72.000000 0.669045 -0.275166 -0.348673 -0.003567 0.342652 0.192967 0.919424
73.000000 1.035226 -0.229107 0.580731 -0.017374 0.346235 0.200778 0.916246
74.000000 0.651676 -1.106406 0.292223 -0.027634 0.351773 0.206234 0.912666
75.000000 0.246811 -1.701457 -0.402039 -0.038062 0.358047 0.215239 0.907759
76.000000 0.195747 -0.707519 -0.304666 -0.042482 0.364044 0.217311 0.904679
77.000000 0.061554 0.154949 -0.792663 -0.045459 0.368985 0.224117 0.900864
78.000000 -0.167085 0.928023 -1.384338 -0.057924 0.376029 0.230514 0.895606
79.000000 0.498178 1.533522 -0.947534 -0.068475 0.381226 0.235101 0.891463
80.000000 1.032063 2.347283 -0.717842 -0.077198 0.385387 0.240767 0.887439
81.000000 1.245759 1.536651 -0.172673 -0.093011 0.391547 0.251005 0.880362
82.000000 1.615541 2.418819 0.118947 -0.102860 0.394461 0.259359 0.875530
83.000000 2.241616 2.731223 0.833393 -0.113374 0.397254 0.266777 0.870727
84.000000 2.522690 3.645175 1.126119 -0.122823 0.400858 0.273290 0.865760
85.000000 3.091208 4.019451 1.858720 -0.133706 0.405117 0.282157 0.859296
86.000000 3.365450 3.456500 2.638385 -0.144642 0.409266 0.291986 0.852247
87.000000 3.753530 4.184616 3.203398 -0.152852 0.411327 0.303392 0.845813
88.000000 4.468610 4.042026 3.887744 -0.165164 0.414756 0.313860 0.837968
89.000000 4.326331 4.963799 3.527062 -0.164963 0.414756 0.327325 0.832840
90.000000 4.020318 4.093086 3.142076 -0.174161 0.415660 0.340098 0.825365
91.000000 3.747776 5.027233 3.372488 -0.182923 0.417842 0.347356 0.819323
92.000000 3.528873 4.183004 2.883245 -0.190625 0.418516 0.361951 0.810863
93.000000 3.825898 4.849694 3.566838 -0.200690 0.419015 0.372503 0.803363
94.000000 4.248696 5.603844 4.069333 -0.211067 0.418430 0.383279 0.795905
95.000000 4.870695 5.820236 4.821856 -0.221473 0.418962 0.391864 0.788583
96.000000 4.830015 6.817545 4.882843 -0.224194 0.419743 0.399551 0.783525
97.000000 4.699292 7.689571 5.354523 -0.228979 0.422861 0.406228 0.777004
98.000000 4.605407 7.836404 6.339219 -0.235096 0.426128 0.413715 0.769406
99.000000 4.611652 8.557932 7.031576 -0.239156 0.426982 0.420334 0.764074
100.000000 4.105711 7.741770 7.310689 -0.241874 0.426158 0.427983 0.759419
101.000000 4.722869 8.369035 7.785721 -0.244824 0.428802 0.433096 0.754067
102.000000 4.141448 8.202821 8.582164 -0.246602 0.438610 0.433503 0.747585
103.000000 3.933776 8.346560 9.549745 -0.246645 0.441745 0.436254 0.744117
104.000000 3.438609 8.842327 10.263205 -0.243983 0.445442 0.439733 0.740735
105.000000 3.341028 9.250131 11.171045 -0.240938 0.449501 0.439925 0.739164
106.000000 3.998075 9.417217 10.435945 -0.236996 0.445341 0.443207 0.740994
107.000000 4.017296 10.063144 11.199103 -0.232120 0.450431 0.438610 0.742195
108.000000 3.904130 10.676442 11.980805 -0.223299 0.458512 0.432751 0.743391
109.000000 3.414694 9.870644 11.647423 -0.213734 0.467578 0.424406 0.745364
110.000000 3.451202 10.855728 11.815583 -0.205832 0.475850 0.414756 0.747781
111.000000 3.352987 11.652104 12.412357 -0.193536 0.482512 0.407068 0.751014
112.000000 3.772704 10.755201 12.273062 -0.190992 0.487634 0.399124 0.752619
113.000000 4.133089 9.854160 12.031718 -0.184100 0.492870 0.390864 0.755256
114.000000 3.750364 9.042226 11.590939 -0.173166 0.497745 0.383069 0.758632
115.000000 3.539024 9.973792 11.886778 -0.162457 0.503409 0.374147 0.761709
116.000000 3.969874 9.253875 11.342638 -0.155817 0.503155 0.371308 0.764648
117.000000 4.383098 8.412959 11.692076 -0.156102 0.511006 0.366201 0.761841
118.000000 4.508528 8.983115 12.503980 -0.139233 0.521033 0.360963 0.760818
119.000000 5.000028 8.313921 11.946659 -0.131610 0.526621 0.356944 0.760223
120.000000 4.702883 7.861642 11.105738 -0.118586 0.539000 0.345318 0.759060
121.000000 3.739321 7.890415 11.371673 -0.104438 0.556950 0.328427 0.755669
122.000000 2.768170 7.727108 11.545444 -0.090719 0.576277 0.313302 0.749344
123.000000 2.540784 7.094648 10.804978 -0.075729 0.595497 0.300062 0.741358
124.000000 3.027222 6.688893 10.031194 -0.064994 0.608024 0.289576 0.736361
125.000000 2.261953 7.090554 10.534216 -0.045026 0.633984 0.264051 0.725475
126.000000 1.386049 7.199742 11.004185 -0.028163 0.654916 0.243095 0.714980
127.000000 1.815589 7.921313 11.547168 -0.010866 0.671994 0.225389 0.705340
128.000000 1.957984 7.103147 10.990097 -0.003234 0.680559 0.220358 0.698764
129.000000 2.229453 6.274512 10.500538 -0.001668 0.686242 0.223230 0.692270
130.000000 2.699998 7.055254 10.911669 0.009822 0.698241 0.208953 0.684618
131.000000 3.253847 7.825617 11.227570 0.019927 0.707996 0.198293 0.677513
132.000000 2.840166 8.560548 11.764918 0.029113 0.716907 0.188412 0.670595
133.000000 2.938881 7.789524 11.135811 0.026368 0.718827 0.190748 0.667988
134.000000 3.438290 8.613133 11.404620 0.039400 0.728367 0.179829 0.659993
135.000000 3.187883 7.851479 10.806974 0.049661 0.734750 0.170706 0.654626
136.000000 3.878098 8.549654 10.997118 0.062312 0.744908 0.158864 0.644974
137.000000 4.376524 9.365056 11.291553 0.075546 0.752881 0.150221 0.636314
138.000000 5.127268 10.021883 11.362002 0.089133 0.759362 0.141507 0.628809
139.000000 5.699874 10.841359 11.386110 0.098918 0.765747 0.132827 0.621453
140.000000 5.278476 11.288177 12.175273 0.109122 0.774357 0.120577 0.611494
141.000000 5.021676 12.012869 12.814707 0.115606 0.783213 0.105057 0.601810
142.000000 5.197014 12.717491 13.502286 0.131704 0.798887 0.082295 0.581087
143.000000 4.851905 11.992850 12.905800 0.127454 0.803239 0.085700 0.575516
144.000000 4.595582 12.534705 13.706232 0.134431 0.812817 0.079495 0.561193
145.000000 4.847150 13.212139 14.397461 0.145494 0.824485 0.067486 0.542680
146.000000 5.173928 13.507117 15.295350 0.151367 0.834796 0.059036 0.526040
147.000000 6.077898 13.194686 15.003414 0.154148 0.840946 0.053488 0.515933
148.000000 7.030184 13.179649 14.698579 0.155558 0.846524 0.048052 0.506843
149.000000 7.960522 13.267422 15.054624 0.154980 0.852217 0.041124 0.498012
150.000000 8.581433 13.624211 15.752600 0.160984 0.859918 0.032127 0.483314
151.000000 9.112232 14.127491 16.434481 0.164679 0.866210 0.022813 0.471211
152.000000 8.163919 14.174498 16.120646 0.162756 0.867779 0.023543 0.468953
153.000000 7.219254 14.494760 16.191649 0.158451 0.871718 0.028082 0.462831
154.000000 8.206909 14.436256 16.046338 0.153089 0.876807 0.035087 0.454468
155.000000 9.142071 14.394788 15.694553 0.150598 0.880995 0.045394 0.446215
156.000000 8.300665 14.635814 16.178229 0.145513 0.883632 0.061301 0.440752
157.000000 9.095792 14.178972 15.779396 0.137653 0.885169 0.078714 0.437414
158.000000 9.453685 15.097488 15.947445 0.136312 0.886450 0.086890 0.433677
159.000000 9.526951 16.084947 15.807601 0.136158 0.885431 0.091424 0.434872
160.000000 9.821488 16.926486 15.354766 0.127698 0.885540 0.101921 0.434884
161.000000 10.504398 16.265234 15.044313 0.121343 0.886830 0.124812 0.428053
162.000000 11.358125 16.784730 15.079997 0.114051 0.887629 0.141204 0.423283
163.000000 11.778095 16.062655 14.530240 0.106097 0.885810 0.164670 0.420676
164.000000 12.448104 16.786317 14.364707 0.098695 0.884521 0.182619 0.417771
165.000000 12.063859 15.958803 14.774067 0.093402 0.882760 0.199938 0.414772
166.000000 12.605290 16.536081 14.162837 0.087839 0.881188 0.217633 0.410399
167.000000 13.277081 17.202605 13.839661 0.080436 0.880258 0.235258 0.404140
168.000000 13.771121 17.917184 13.344383 0.073679 0.880397 0.249239 0.396677
169.000000 14.370658 18.343716 12.667163 0.070393 0.880026 0.264462 0.388149
170.000000 14.832857 19.098442 12.201588 0.067296 0.877890 0.281276 0.381660
171.000000 15.389689 19.552092 11.505786 0.061626 0.874729 0.298925 0.376425
172.000000 14.972536 18.746800 11.927079 0.059811 0.871678 0.315505 0.370212
173.000000 15.411932 19.579104 11.589144 0.053414 0.868009 0.331816 0.365520
174.000000 15.120140 18.679419 11.913833 0.049314 0.863460 0.349124 0.360717
175.000000 15.708313 18.162002 11.292277 0.043437 0.860137 0.361561 0.357144
176.000000 14.913670 18.459045 11.821719 0.038807 0.856383 0.375761 0.352003
177.000000 14.943082 19.458601 11.816966 0.033009 0.851434 0.392465 0.346325
178.000000 14.818194 20.445339 11.920659 0.032827 0.845836 0.410264 0.339363
179.000000 15.424857 20.240607 11.152515 0.031180 0.838248 0.428996 0.335158
180.000000 15.026966 21.129555 11.379348 0.031243 0.831894 0.438586 0.338553
181.000000 14.985975 21.885568 12.032621 0.027706 0.827844 0.447394 0.337261
182.000000 14.775181 20.995034 11.629489 0.020823 0.820055 0.463366 0.335213
183.000000 14.624216 21.867104 12.095003 0.016509 0.814926 0.473876 0.333263
184.000000 14.172283 21.130637 12.598364 0.013182 0.806358 0.490108 0.330768
185.000000 14.544948 20.801090 11.730885 0.011812 0.799592 0.503656 0.326870
186.000000 14.715050 21.709647 11.349324 0.011658 0.791587 0.518048 0.323852
187.000000 14.289084 21.502559 12.230044 0.007235 0.782053 0.532861 0.323111
188.000000 14.738441 21.328793 11.353754 0.002396 0.772463 0.547171 0.322333
189.000000 14.364625 21.647825 12.224662 0.000263 0.767602 0.554588 0.321278
190.000000 14.361923 20.906700 11.553300 -0.008458 0.756778 0.569779 0.320260
191.000000 14.110066 21.654694 12.167362 -0.014443 0.751354 0.577935 0.318198
192.000000 13.649405 21.935445 13.009366 -0.017444 0.749815 0.581183 0.315751
193.000000 14.185818 22.075827 12.177168 -0.023635 0.743679 0.590485 0.312588
194.000000 14.927985 22.099396 11.507367 -0.029996 0.736536 0.601173 0.308555
195.000000 14.223055 22.568517 12.039344 -0.030723 0.730975 0.610537 0.303277
196.000000 14.506911 23.521903 12.141715 -0.030208 0.723881 0.622904 0.295084
197.000000 13.676307 23.333560 12.665761 -0.029999 0.715469 0.634456 0.290981
198.000000 13.191448 22.563561 13.080505 -0.029597 0.704870 0.647527 0.288080
199.000000 13.258528 22.408463 12.094886 -0.028780 0.696961 0.657072 0.285786
200.000000 12.842846 22.543320 12.994343 -0.028780 0.696961 0.657072 0.285786
201.000000 13.550276 23.027133 12.479107 -0.028556 0.693288 0.663580 0.279640
202.000000 13.881571 23.958801 12.329979 -0.029643 0.688710 0.669916 0.275704
203.000000 14.760919 24.434564 12.310081 -0.031100 0.685228 0.674840 0.272188
204.000000 14.002960 24.117829 12.880325 -0.030295 0.683865 0.677303 0.269578
205.000000 13.919680 23.207357 12.475226 -0.028590 0.682879 0.679704 0.266198
206.000000 13.158770 23.834967 12.310539 -0.022461 0.681451 0.680682 0.267942
207.000000 12.958652 24.178606 13.228070 -0.020664 0.684657 0.677670 0.267547
208.000000 12.286282 23.971053 13.938591 -0.016039 0.695639 0.666953 0.266463
209.000000 12.089257 23.680115 14.874827 -0.010439 0.708510 0.655924 0.260131
210.000000 12.084985 23.769326 13.878823 -0.005016 0.718201 0.646773 0.256606
211.000000 11.670404 23.464000 13.021561 -0.002249 0.728505 0.634541 0.258134
212.000000 12.057399 23.759486 13.895016 -0.003198 0.739022 0.621748 0.259357
213.000000 11.489092 23.472513 14.666168 -0.007769 0.753055 0.604285 0.260170
214.000000 11.420457 23.720824 13.699922 -0.010614 0.765849 0.589398 0.256853
215.000000 11.630987 24.027816 14.628056 -0.010048 0.781708 0.571180 0.250170
216.000000 11.823628 24.554235 15.456169 -0.000755 0.814929 0.530559 0.233233
217.000000 11.551667 23.686668 15.872540 -0.000118 0.830846 0.509346 0.224191
218.000000 10.962078 23.248621 15.193939 0.012098 0.820348 0.517193 0.243710
219.000000 10.723171 22.277758 15.175216 0.023195 0.835815 0.497299 0.231449
220.000000 10.532017 21.412695 15.639032 0.027856 0.852053 0.474239 0.219833
221.000000 10.398637 20.961043 16.521200 0.033507 0.868461 0.449810 0.205726
222.000000 10.142476 20.401224 15.733174 0.041490 0.873825 0.442212 0.197881
223.000000 10.117904 20.105120 14.778335 0.043796 0.886427 0.420612 0.188189
224.000000 10.292466 20.524848 15.669040 0.044943 0.898813 0.398179 0.177679
225.000000 10.257802 20.941108 16.577625 0.056110 0.909139 0.379042 0.163234
226.000000 10.699133 21.836070 16.642966 0.063455 0.916367 0.364358 0.153261
227.000000 10.756643 21.962010 17.633335 0.065948 0.923397 0.349492 0.144378
228.000000 10.971785 22.495676 18.451207 0.072899 0.932499 0.329475 0.128751
229.000000 10.859142 22.874179 19.369928 0.075218 0.939939 0.312112 0.115941
230.000000 11.248359 23.500638 20.045248 0.080004 0.947300 0.293051 0.101700
231.000000 11.987755 24.045377 19.649579 0.082643 0.953146 0.276302 0.091329
232.000000 12.181930 24.749834 20.332248 0.086920 0.959728 0.255118 0.079264
233.000000 12.505676 25.446666 20.972259 0.089226 0.966534 0.231606 0.064884
234.000000 13.247992 26.036957 21.289312 0.093275 0.971067 0.213843 0.050998
235.000000 12.790104 25.269752 20.840163 0.095043 0.972001 0.209958 0.045806
236.000000 12.891535 26.254771 20.700707 0.095658 0.975313 0.195930 0.035019
237.000000 12.566922 25.321849 20.544879 0.096278 0.977054 0.188351 0.024883
238.000000 11.903158 24.750915 20.061711 0.101258 0.978082 0.180864 0.019769
239.000000 11.872541 25.200160 20.954595 0.104680 0.980929 0.163538 0.008697
240.000000 12.062014 25.722672 20.123282 0.109212 0.982497 0.150879 -0.002812
241.000000 12.079522 26.540919 20.697882 0.116173 0.984521 0.130397 -0.014819
242.000000 12.542290 27.426698 20.662627 0.125117 0.984593 0.119173 -0.026830
243.000000 12.619239 27.393698 21.659115 0.128358 0.985639 0.103187 -0.037304
244.000000 12.626248 26.743411 22.418772 0.128846 0.986642 0.088496 -0.045882
245.000000 12.163550 26.229944 21.696095 0.127689 0.987624 0.072647 -0.054932
246.000000 12.833327 26.656723 22.303761 0.124495 0.988553 0.055629 -0.064573
247.000000 13.584788 27.277611 22.526932 0.120800 0.989185 0.039491 -0.073218
248.000000 14.011474 28.055108 22.988924 0.116162 0.989889 0.026026 -0.077129
249.000000 13.958514 28.754018 22.275678 0.110478 0.990420 0.017103 -0.081054
250.000000 13.257226 28.046334 22.361573 0.109425 0.990743 0.014306 -0.079062
251.000000 14.014497 28.688369 22.481285 0.103328 0.990631 -0.004247 -0.089191
252.000000 14.374049 29.407563 21.886741 0.096023 0.990852 -0.010890 -0.094198
253.000000 13.700115 28.951410 22.467892 0.090013 0.991132 -0.014016 -0.096743
254.000000 14.055153 28.759068 23.382743 0.086149 0.990614 -0.018774 -0.104450
255.000000 13.571162 28.516660 22.541916 0.083757 0.989956 -0.023096 -0.111532
256.000000 13.698287 28.529829 23.533715 0.084697 0.989259 -0.025639 -0.116345
257.000000 13.865099 28.662253 24.510771 0.085942 0.988698 -0.025833 -0.120093
258.000000 13.433442 28.580964 23.612403 0.086021 0.988136 -0.024470 -0.124859
259.000000 13.805448 28.689536 24.534262 0.084743 0.987503 -0.023024 -0.130865
260.000000 12.919255 28.511265 24.961908 0.084460 0.987498 -0.018581 -0.131791
261.000000 12.648986 28.407377 24.004745 0.082805 0.986635 -0.015826 -0.139446
262.000000 12.960173 28.498218 24.950742 0.084183 0.985519 -0.012687 -0.146647
263.000000 13.103257 28.068969 24.058961 0.085814 0.984942 -0.006925 -0.149922
264.000000 12.940180 28.794074 24.728012 0.087932 0.984484 0.001325 -0.151846
265.000000 13.236576 27.999306 25.257628 0.087334 0.984025 0.015697 -0.154342
266.000000 12.670918 28.820321 25.334865 0.085168 0.984176 0.025047 -0.153350
267.000000 13.239286 28.019532 25.145936 0.086458 0.983036 0.040696 -0.156551
268.000000 13.002621 28.968061 25.356368 0.086518 0.982721 0.050046 -0.155784
269.000000 12.659911 28.158952 25.833749 0.087839 0.981413 0.065749 -0.157451
270.000000 12.977534 27.263220 25.522653 0.091363 0.980177 0.077735 -0.157682
271.000000 12.595350 26.360698 25.324188 0.094538 0.978448 0.092505 -0.158569
272.000000 12.804011 27.303611 25.583756 0.097076 0.976874 0.104787 -0.159101
273.000000 13.052682 26.659897 26.307493 0.101325 0.974644 0.119965 -0.159409
274.000000 13.246904 27.535340 25.864913 0.105646 0.972091 0.136416 -0.158959
275.000000 13.425817 26.814986 26.535047 0.108439 0.969187 0.154741 -0.158030
276.000000 13.525105 26.078951 27.204670 0.114213 0.965721 0.171254 -0.158145
277.000000 13.538575 27.065449 27.367887 0.115720 0.963345 0.184411 -0.156738
278.000000 13.221301 27.810132 26.780703 0.117447 0.959651 0.202311 -0.156036
279.000000 13.393632 26.854127 27.018100 0.122382 0.954836 0.220290 -0.157427
280.000000 13.079719 27.749555 26.702397 0.127472 0.950128 0.236852 -0.157826
281.000000 12.938954 28.698933 26.983230 0.129916 0.947004 0.249681 -0.154805
282.000000 12.764042 29.655603 26.750449 0.133695 0.942282 0.265725 -0.153691
283.000000 12.989358 30.411186 26.135366 0.137559 0.937066 0.281247 -0.154551
284.000000 12.980005 31.371166 26.415279 0.139526 0.932696 0.294711 -0.154131
285.000000 12.915305 30.412239 26.139104 0.138695 0.927547 0.309509 -0.156923
286.000000 12.570758 31.249664 26.563375 0.142032 0.923393 0.319106 -0.159198
287.000000 12.596541 32.089847 27.105065 0.145084 0.919681 0.327427 -0.161025
288.000000 12.651877 31.100481 27.239574 0.150736 0.911841 0.345742 -0.162132
289.000000 12.765206 31.964790 27.729601 0.152021 0.907763 0.355875 -0.161892
290.000000 12.826569 32.880133 28.127574 0.153463 0.903395 0.365818 -0.162800
291.000000 13.062766 33.772621 28.511859 0.151852 0.899048 0.375691 -0.165858
292.000000 13.074729 34.596807 29.078053 0.155308 0.893679 0.385747 -0.168574
293.000000 12.872337 35.426534 29.598236 0.160642 0.893859 0.384703 -0.164968
294.000000 12.915595 36.259348 30.150095 0.165722 0.891651 0.386879 -0.166794
295.000000 12.937454 37.258968 30.166923 0.169608 0.885624 0.397609 -0.169740
296.000000 12.665046 38.089736 29.681518 0.174553 0.878105 0.410738 -0.172502
297.000000 12.741269 38.357105 28.720943 0.178989 0.870114 0.424208 -0.175817
298.000000 12.697517 37.428227 29.088738 0.180813 0.863343 0.435598 -0.179445
299.000000 12.699808 36.527226 29.522548 0.183133 0.856629 0.446394 -0.182705
300.000000 12.778815 37.416976 29.072990 0.187781 0.849515 0.456760 -0.185561
301.000000 12.792377 36.773554 29.838381 0.194264 0.842315 0.465645 -0.189583
302.000000 12.515878 37.621956 29.386981 0.197679 0.837156 0.473184 -0.190236
303.000000 12.417503 38.614659 29.317240 0.201046 0.833311 0.478059 -0.191399
304.000000 12.443421 39.287332 28.577754 0.203140 0.829810 0.481812 -0.194953
305.000000 13.137481 39.915217 28.929950 0.205545 0.830959 0.474986 -0.204076
306.000000 13.885580 39.888762 29.593009 0.207644 0.832173 0.469068 -0.210590
307.000000 13.433195 39.011589 29.753992 0.209906 0.835276 0.458272 -0.219638
308.000000 12.958914 38.194714 30.082277 0.214946 0.838098 0.446475 -0.228145
309.000000 13.645092 38.756502 30.544394 0.215261 0.846872 0.422044 -0.241557
310.000000 12.981685 38.078753 30.227303 0.220091 0.850495 0.406676 -0.250666
311.000000 13.522141 38.898719 30.415886 0.221815 0.855183 0.386729 -0.264387
312.000000 12.740429 38.329154 30.161874 0.230024 0.828583 0.470323 -0.198331
313.000000 11.844376 37.965375 29.907407 0.233516 0.837599 0.443840 -0.216573
314.000000 11.819272 37.194082 30.543392 0.229418 0.845509 0.423484 -0.230527
315.000000 11.256165 37.668189 29.866537 0.224928 0.853130 0.402003 -0.244886
316.000000 10.459066 37.124159 29.604498 0.225183 0.851553 0.409869 -0.236976
317.000000 9.662965 36.660638 29.215433 0.226858 0.847183 0.423555 -0.226756
318.000000 10.345152 36.682700 29.946278 0.221128 0.855457 0.401671 -0.240740
319.000000 10.126563 35.785335 30.329623 0.213404 0.863166 0.383439 -0.249755
320.000000 10.104996 34.858888 30.705429 0.207115 0.869823 0.365283 -0.258995
321.000000 9.681267 33.960391 30.590727 0.202793 0.874050 0.351476 -0.267164
322.000000 10.271042 34.669835 30.976543 0.199430 0.879815 0.330811 -0.276979
323.000000 10.778361 35.441884 31.359384 0.195495 0.885289 0.311505 -0.284623
324.000000 10.354474 34.568375 31.120008 0.192753 0.885016 0.312015 -0.286776
325.000000 10.896257 35.351526 31.425205 0.188893 0.890972 0.288239 -0.295647
326.000000 10.370940 34.535985 31.182439 0.189357 0.893156 0.278494 -0.298088
327.000000 10.538503 35.511017 31.036715 0.184652 0.897064 0.266204 -0.300526
328.000000 10.776747 36.330478 31.557986 0.180017 0.904814 0.238247 -0.303553
329.000000 10.376954 35.425815 31.705467 0.178394 0.907819 0.224252 -0.306188
330.000000 10.850971 36.230380 32.063215 0.169889 0.914696 0.191920 -0.312468
331.000000 11.077614 37.204152 32.083263 0.164887 0.917826 0.174639 -0.316085
332.000000 11.002400 37.981282 31.458434 0.158200 0.921107 0.155430 -0.319963
333.000000 10.855016 37.012572 31.658130 0.151359 0.923707 0.139888 -0.322936
334.000000 11.497376 37.714660 31.965451 0.141974 0.926540 0.116992 -0.328147
335.000000 12.213014 37.950668 32.622841 0.134436 0.927401 0.100360 -0.334340
336.000000 11.690048 37.188319 32.241619 0.130704 0.927481 0.081125 -0.340755
337.000000 12.006120 36.533398 32.928042 0.123043 0.928215 0.066000 -0.344849
338.000000 12.764517 36.920034 33.452776 0.117377 0.928501 0.051471 -0.348510
339.000000 12.938630 37.900980 33.538972 0.115287 0.928967 0.034845 -0.350022
340.000000 13.569158 38.616476 33.839803 0.113483 0.929064 0.023380 -0.351304
341.000000 14.361102 38.944673 34.354692 0.115083 0.928235 0.009937 -0.353604
342.000000 14.637195 38.798184 35.304594 0.114128 0.927325 -0.001708 -0.356426
343.000000 14.486155 37.816370 35.419608 0.114001 0.925593 -0.005089 -0.360910
344.000000 14.976906 37.354814 36.158614 0.105806 0.923463 -0.017281 -0.368405
345.000000 15.938183 37.286723 36.425652 0.098622 0.920215 -0.027693 -0.377772
346.000000 14.975961 37.187114 36.172261 0.092514 0.916657 -0.033195 -0.387401
347.000000 15.451230 37.095474 37.047316 0.088512 0.913300 -0.035602 -0.395955
348.000000 15.804431 36.853004 37.950896 0.087025 0.909473 -0.035997 -0.404957
349.000000 16.800722 36.767917 37.963785 0.085991 0.904661 -0.033693 -0.416004
350.000000 17.157882 36.727542 38.896955 0.087672 0.902648 -0.028821 -0.420368
351.000000 16.460080 36.398343 38.260794 0.086378 0.900322 -0.021328 -0.426034
352.000000 15.653792 36.327650 37.673510 0.085891 0.897140 -0.017430 -0.432964
353.000000 16.500331 35.798503 37.615402 0.087072 0.893380 -0.012233 -0.440614
354.000000 17.248946 35.151668 37.760936 0.087328 0.890808 -0.004779 -0.445883
355.000000 16.832849 34.949430 36.874390 0.088462 0.888559 0.000870 -0.450152
356.000000 16.446846 34.042582 36.705191 0.094414 0.886086 0.016656 -0.453498
357.000000 16.381600 34.968748 37.076620 0.091810 0.887372 0.018555 -0.451439
358.000000 15.705309 34.566121 36.459755 0.094089 0.884664 0.037199 -0.455119
359.000000 15.833553 35.489619 36.821287 0.094449 0.883485 0.047619 -0.456362
360.000000 16.145613 34.552389 36.976913 0.101684 0.878408 0.073533 -0.461143
361.000000 16.059731 35.548683 36.981828 0.109497 0.874229 0.092627 -0.463847
362.000000 16.142169 36.543328 37.044149 0.114275 0.871761 0.105672 -0.464550
363.000000 15.831044 35.705932 36.594740 0.124502 0.864481 0.141491 -0.465995
364.000000 15.545047 34.939140 36.020078 0.134715 0.853178 0.180480 -0.470495
365.000000 14.882704 34.909170 35.271478 0.143968 0.843941 0.203031 -0.475200
366.000000 15.197019 33.963590 35.187309 0.154120 0.834883 0.219761 -0.480543
367.000000 15.141520 34.916534 35.485330 0.160406 0.829216 0.228646 -0.484140
368.000000 14.726806 35.756904 35.834314 0.166832 0.823055 0.241989 -0.485993
369.000000 14.561323 36.732999 35.975219 0.169736 0.815674 0.254256 -0.491140
370.000000 15.253756 36.011587 35.985252 0.175616 0.806045 0.267828 -0.497713
371.000000 15.284563 35.397287 35.196781 -0.182173 -0.787888 -0.290753 0.511379
372.000000 15.818854 34.598337 34.920715 -0.188925 -0.777072 -0.302353 0.518700
373.000000 16.565375 34.611907 35.585938 -0.197449 -0.765421 -0.312437 0.526808
374.000000 16.258493 33.964448 34.888357 -0.207085 -0.749966 -0.328350 0.535587
375.000000 16.107624 33.093103 34.421456 -0.217963 -0.735915 -0.341695 0.542370
376.000000 15.217101 33.348936 34.045266 -0.225910 -0.724454 -0.352088 0.547874
377.000000 16.011461 33.100731 34.599691 -0.232411 -0.714516 -0.360769 0.552538
378.000000 16.458719 32.222381 34.430985 -0.239274 -0.702742 -0.372396 0.556976
379.000000 16.187162 33.151278 34.682792 -0.246810 -0.691639 -0.379878 0.562506
380.000000 15.766681 34.012856 34.967185 -0.253434 -0.679552 -0.390263 0.567164
381.000000 15.132810 34.772892 34.823824 -0.263359 -0.666903 -0.396806 0.573085
382.000000 15.920023 35.161549 35.302616 -0.270691 -0.659068 -0.397919 0.577942
383.000000 15.277829 34.677121 34.708548 -0.290026 -0.636722 -0.411277 0.584227
384.000000 15.782460 34.971987 35.519968 -0.293043 -0.639266 -0.406804 0.583074
385.000000 15.814877 35.642119 36.261502 -0.300087 -0.631408 -0.410446 0.585496
386.000000 15.387861 36.408572 36.741300 -0.309696 -0.620909 -0.413179 0.589782
387.000000 14.575939 36.283950 36.170992 -0.320004 -0.607437 -0.420234 0.593314
388.000000 14.208656 37.125651 36.566772 -0.329070 -0.599068 -0.422878 0.594983
389.000000 14.049163 37.989858 37.043960 -0.337289 -0.592105 -0.426652 0.594657
390.000000 14.588435 38.718910 37.465469 -0.336883 -0.589652 -0.435213 0.591109
391.000000 13.913171 39.379479 37.137343 -0.343237 -0.580348 -0.442035 0.591599
392.000000 13.512307 40.185942 37.571999 -0.351322 -0.571146 -0.447870 0.591420
393.000000 12.747405 40.816301 37.704560 -0.362107 -0.562811 -0.455728 0.586885
394.000000 13.276463 40.050016 37.339998 -0.373273 -0.554965 -0.462906 0.581721
395.000000 12.322917 39.770615 37.227374 -0.386762 -0.543432 -0.474480 0.574427
396.000000 13.219757 40.131877 37.482652 -0.391598 -0.540979 -0.478454 0.570153
397.000000 12.544707 39.611119 36.960045 -0.399995 -0.532414 -0.489130 0.563286
398.000000 12.329140 40.423185 37.502336 -0.409682 -0.522486 -0.497462 0.558301
399.000000 11.993481 39.569569 37.103998 -0.421136 -0.511348 -0.507126 0.551354
400.000000 12.449404 38.733397 36.799119 -0.432342 -0.501741 -0.515351 0.543829
401.000000 13.264795 39.137899 37.213263 -0.438317 -0.503059 -0.507038 0.545640
402.000000 13.438939 40.110342 37.368280 -0.451677 -0.490489 -0.508588 0.544745
403.000000 14.425237 40.173916 37.520512 -0.453961 -0.489483 -0.512506 0.540058
404.000000 15.204290 40.690453 37.165172 -0.017624 0.843939 -0.329249 0.423144
405.000000 15.877829 40.260632 36.563841 -0.019044 0.848126 -0.318649 0.422826
406.000000 15.661952 40.109951 37.528565 -0.021184 0.849758 -0.313183 0.423531
407.000000 16.107368 39.232288 37.705517 -0.021513 0.851489 -0.308663 0.423357
408.000000 16.378906 38.850415 36.822092 -0.017454 0.851656 -0.307807 0.423831
409.000000 17.101391 39.534930 36.724858 -0.002433 0.850964 -0.315040 0.420244
410.000000 16.204542 39.711314 37.130505 0.004113 0.848152 -0.321080 0.421342
411.000000 16.777570 38.980808 36.759022 0.010788 0.843753 -0.333732 0.420224
412.000000 17.440271 38.881069 36.016810 0.018621 0.839461 -0.348606 0.416451
413.000000 16.765431 38.700067 36.732232 0.033258 0.834048 -0.361796 0.415164
414.000000 16.240501 39.471074 37.092783 0.041812 0.827229 -0.384724 0.407346
415.000000 15.624291 39.970859 37.701470 0.050025 0.820811 -0.405871 0.398792
416.000000 15.335168 40.667630 38.357914 0.056754 0.814112 -0.430289 0.385813
417.000000 14.695839 40.341323 39.054177 0.060323 0.814258 -0.430514 0.384711
418.000000 15.526184 40.879055 38.907982 0.079693 0.802838 -0.460250 0.370500
419.000000 14.746719 40.400922 39.312733 0.087511 0.796163 -0.472045 0.368294
420.000000 14.088569 40.060238 39.984129 0.092472 0.795935 -0.472484 0.367008
421.000000 13.334222 40.278301 40.603331 0.102531 0.787958 -0.489582 0.359052
422.000000 12.620010 39.992527 41.242262 0.112255 0.781977 -0.501995 0.352011
423.000000 11.784978 40.155838 41.767667 0.128217 0.769658 -0.521242 0.345678
424.000000 12.301057 41.009289 41.694989 0.140940 0.757426 -0.543487 0.333262
425.000000 11.610907 41.533054 42.194353 0.154502 0.744024 -0.565300 0.320926
426.000000 11.098148 42.207655 42.725381 0.171015 0.728936 -0.586554 0.308804
427.000000 10.279830 42.500627 43.219874 0.185888 0.714618 -0.604849 0.298201
428.000000 10.836708 43.251751 42.865332 0.201665 0.699422 -0.621698 0.289191
429.000000 10.151817 43.646022 43.478092 0.216774 0.685395 -0.633407 0.286425
430.000000 10.720651 44.459777 43.358800 0.226911 0.672814 -0.646465 0.279135
431.000000 9.855182 43.959718 43.388883 0.236508 0.661232 -0.654829 0.279347
432.000000 9.663413 42.988827 43.245367 -0.249186 -0.648360 0.664523 -0.275582
433.000000 10.506431 42.758979 42.759064 -0.269063 -0.626324 0.681561 -0.266078
434.000000 10.966518 43.580251 42.421674 -0.278728 -0.614322 0.689297 -0.264176
435.000000 10.189936 43.791595 43.015184 -0.283734 -0.609428 0.690694 -0.266521
436.000000 9.822821 42.865499 42.928163 -0.291500 -0.599865 0.696564 -0.264552
437.000000 10.038181 43.802601 43.202863 -0.297951 -0.590763 0.703159 -0.260367
438.000000 10.887317 44.111948 42.774761 -0.306053 -0.582449 0.707421 -0.258149
439.000000 10.289986 44.906350 42.664663 -0.311356 -0.574922 0.712503 -0.254679
440.000000 10.718652 44.027087 42.456955 -0.317773 -0.567504 0.718854 -0.245374
441.000000 11.407394 43.710377 41.804782 -0.327487 -0.553333 0.730543 -0.229960
442.000000 12.201055 44.228151 41.485388 -0.339175 -0.540825 0.737215 -0.221320
443.000000 13.026389 44.156585 40.925297 -0.349612 -0.524124 0.748018 -0.208647
444.000000 13.817510 44.003712 40.333049 -0.355765 -0.513194 0.755723 -0.197346
445.000000 14.478291 43.654913 39.668438 -0.361311 -0.501703 0.765346 -0.178866
446.000000 15.301377 43.633488 39.100926 -0.367516 -0.487303 0.775671 -0.160628
447.000000 14.621267 43.579203 39.832023 -0.372395 -0.475624 0.783549 -0.145449
448.000000 15.450800 43.620451 39.275091 -0.379183 -0.461912 0.790403 -0.134610
449.000000 16.022807 43.082948 38.655496 -0.385387 -0.440853 0.801316 -0.122550
450.000000 16.851171 43.130501 38.097328 -0.391425 -0.434082 0.802763 -0.118031
451.000000 16.039863 42.698480 38.491203 -0.398343 -0.430027 0.801610 -0.117562
452.000000 16.747384 42.698504 37.784510 -0.403539 -0.430727 0.798223 -0.120290
453.000000 16.041504 43.106762 38.363353 -0.406713 -0.442695 0.788671 -0.128857
454.000000 16.464208 42.511112 37.680329 -0.410458 -0.450791 0.780457 -0.138558
455.000000 17.241484 42.582273 37.055207 -0.409497 -0.471450 0.766507 -0.150047
456.000000 17.741021 41.967002 36.445367 -0.410647 -0.485738 0.754813 -0.160267
457.000000 17.127547 42.219370 37.193672 -0.408372 -0.507787 0.738704 -0.172339
458.000000 17.707779 41.678666 36.584599 -0.409343 -0.512561 0.734649 -0.173233
459.000000 17.103205 42.049692 37.289460 -0.409281 -0.533275 0.716281 -0.187216
460.000000 16.392992 42.304916 37.945553 -0.408486 -0.550498 0.700587 -0.198165
461.000000 16.952000 41.611154 37.491456 -0.408860 -0.564425 0.687955 -0.202423
462.000000 16.903662 42.605533 37.585656 -0.412220 -0.575875 0.675067 -0.206706
463.000000 17.409393 42.504254 36.728931 -0.413718 -0.582600 0.668751 -0.205397
464.000000 16.603599 42.302322 37.285635 -0.414222 -0.596093 0.656931 -0.203803
465.000000 16.116709 41.431108 37.222994 -0.418196 -0.607631 0.642643 -0.207141
466.000000 16.400908 42.378794 37.368327 -0.421487 -0.619548 0.627393 -0.211866
467.000000 15.690669 41.764779 37.712632 0.420026 0.633976 -0.612412 0.215878
468.000000 15.856798 41.450222 36.778044 0.418174 0.644237 -0.601671 0.219276
469.000000 16.261286 41.401310 35.864809 0.415792 0.652230 -0.594261 0.220377
470.000000 16.592700 40.824745 35.117991 0.416933 0.664037 -0.578746 0.224221
471.000000 16.594779 40.058836 34.475046 0.417498 0.674621 -0.563299 0.230817
472.000000 17.333444 39.783125 33.859938 0.416110 0.685138 -0.550518 0.233172
473.000000 17.744295 39.623967 32.962235 0.415708 0.689237 -0.542760 0.239896
474.000000 18.150916 39.698161 32.051656 0.413411 0.695627 -0.535129 0.242550
475.000000 18.794192 39.487757 31.315500 0.409816 0.706075 -0.526382 0.237551
476.000000 18.799054 38.779743 30.609318 0.411826 0.716843 -0.509946 0.237679
477.000000 19.527653 38.904332 29.935803 0.416816 0.716806 -0.506323 0.236836
478.000000 19.919936 38.858898 29.017082 0.417059 0.724495 -0.492122 0.242866
479.000000 20.775744 38.824120 28.500958 0.416689 0.731725 -0.483913 0.238281
480.000000 21.028760 38.374332 27.644411 0.417706 0.739165 -0.470048 0.241271
481.000000 20.733064 37.439776 27.446500 0.421258 0.746521 -0.451111 0.248488
482.000000 21.409579 37.467077 26.710577 0.423689 0.748470 -0.443106 0.252859
483.000000 21.418553 36.829028 25.940634 0.424552 0.753578 -0.427613 0.262721
484.000000 22.232259 36.800399 25.360062 0.422136 0.759325 -0.416908 0.267236
485.000000 22.417667 36.118837 24.652180 0.422723 0.764626 -0.403547 0.271665
486.000000 22.440630 35.396316 23.961213 0.424620 0.769730 -0.387734 0.277265
487.000000 22.741740 34.742550 23.267006 0.424967 0.775289 -0.372577 0.281986
488.000000 22.128479 34.112541 23.743451 0.426890 0.780554 -0.354065 0.288339
489.000000 23.006454 34.003286 23.277378 0.428908 0.782861 -0.345369 0.289630
490.000000 23.238874 33.951600 22.306137 0.429566 0.785296 -0.333405 0.296014
491.000000 23.294946 33.250845 21.594942 0.431553 0.787511 -0.320851 0.301070
492.000000 23.419812 34.080756 22.138685 0.434245 0.789641 -0.309034 0.303969
493.000000 22.855184 33.356662 21.742601 0.437511 0.790402 -0.296918 0.309336
494.000000 22.408985 32.519550 21.426134 0.440713 0.791186 -0.286971 0.312162
495.000000 21.789880 31.740989 21.323416 0.445125 0.791422 -0.278309 0.313143
496.000000 22.657722 31.576788 20.854494 0.451172 0.789843 -0.275253 0.311172
497.000000 22.530687 30.668450 20.456018 0.456540 0.788782 -0.271549 0.309281
498.000000 23.260269 30.078369 20.110310 0.464463 0.786367 -0.271327 0.303780
499.000000 22.763369 29.295179 19.736541 0.472640 0.783889 -0.272839 0.296123
500.000000 23.306039 28.498639 19.470019 0.492110 0.773677 -0.276271 0.287970
501.000000 22.376817 28.406823 19.827952 0.501350 0.769641 -0.272925 0.286030
502.000000 23.243594 28.887871 19.959444 0.513901 0.762003 -0.283870 0.273267
503.000000 22.256742 28.731566 20.000570 0.525086 0.755011 -0.286079 0.269077
504.000000 21.281756 28.710451 20.221834 0.532405 0.751886 -0.288625 0.260591
505.000000 21.842781 27.995271 19.804978 0.553054 0.736686 -0.307188 0.238874
506.000000 22.634067 27.436869 19.555872 0.567680 0.724681 -0.325277 0.216266
507.000000 21.650245 27.605126 19.617382 0.580113 0.714952 -0.334859 0.200453
508.000000 22.531830 27.187106 19.398140 0.597044 0.699989 -0.348847 0.178492
509.000000 21.582155 27.406637 19.621575 0.607180 0.692172 -0.352235 0.167813
510.000000 20.604425 27.585478 19.511758 0.616884 0.682312 -0.358899 0.158417
511.000000 21.369132 27.061794 19.136287 0.627216 0.670128 -0.369845 0.144024
512.000000 22.196608 26.660488 18.743557 0.637327 0.657580 -0.380931 0.127650
513.000000 22.793833 25.904825 18.474677 0.649938 0.642372 -0.390814 0.110468
514.000000 21.837736 26.119567 18.674087 0.658757 0.630584 -0.397471 0.102074
515.000000 20.993290 26.648775 18.756853 0.662914 0.621221 -0.405755 0.099964
516.000000 20.247392 27.245341 19.053073 0.665753 0.613973 -0.414363 0.090080
517.000000 19.383426 27.666568 19.328992 0.670419 0.607465 -0.417237 0.086247
518.000000 19.161635 28.527178 19.787422 0.675356 0.597316 -0.426232 0.073723
519.000000 18.350423 29.045842 20.057464 0.679769 0.587988 -0.433404 0.065920
520.000000 18.610671 28.189361 19.611693 0.685623 0.574590 -0.443785 0.053128
521.000000 19.526084 28.422754 19.939637 0.689040 0.563322 -0.454095 0.041105
522.000000 18.674522 28.921789 20.100281 0.692715 0.553227 -0.461142 0.037864
523.000000 17.874960 29.497999 20.269641 0.694352 0.543669 -0.470475 0.030871
524.000000 18.128756 28.733378 19.677238 0.695352 0.533730 -0.480904 0.018679
525.000000 18.160467 27.909365 19.111555 0.696716 0.522204 -0.491791 0.005604
526.000000 18.520860 27.361923 18.356291 0.695571 0.513642 -0.502255 -0.009659
527.000000 18.140616 27.747722 19.196870 0.695502 0.503518 -0.512129 -0.021690
528.000000 17.787633 28.269309 19.973626 0.696377 0.494753 -0.519225 -0.026160
529.000000 17.269556 28.645226 20.741925 0.695239 0.489320 -0.525504 -0.032469
530.000000 16.777220 29.160920 21.443113 0.692771 0.485304 -0.531664 -0.043372
531.000000 17.440456 28.696494 20.856234 0.691805 0.474269 -0.541436 -0.057637
532.000000 18.427263 28.738730 20.699938 0.689862 0.465695 -0.549956 -0.069046
533.000000 17.430595 28.663891 20.732369 0.686034 0.460224 -0.557700 -0.080763
534.000000 18.272359 28.134915 20.840155 0.685925 0.450783 -0.563202 -0.095419
535.000000 17.885555 28.803230 21.475558 0.686659 0.442333 -0.567338 -0.104732
536.000000 17.735787 29.269753 22.347295 0.689078 0.433866 -0.570021 -0.109584
537.000000 18.593093 28.762364 22.434372 0.688178 0.425323 -0.575438 -0.119930
538.000000 18.849175 29.673283 22.757865 0.686509 0.420865 -0.578990 -0.127864
539.000000 19.197034 30.502910 23.194572 0.687840 0.415561 -0.578712 -0.138840
540.000000 19.688536 29.729803 22.793658 0.690980 0.402135 -0.578545 -0.161616
541.000000 20.470435 30.323201 22.984740 0.692538 0.397654 -0.576428 -0.173187
542.000000 20.932128 31.049515 23.493963 0.693296 0.393174 -0.575326 -0.183727
543.000000 20.202240 30.397686 23.288096 0.694434 0.390712 -0.571595 -0.195917
544.000000 21.049110 30.926139 23.347656 0.697576 0.385774 -0.566327 -0.209379
545.000000 21.801823 31.541614 23.581352 0.700494 0.385178 -0.558271 -0.221991
546.000000 22.585517 32.136658 23.759527 0.706426 0.384997 -0.548670 -0.227376
547.000000 23.511778 32.336979 24.078764 0.712766 0.386537 -0.538013 -0.230424
548.000000 23.066035 32.888759 24.783641 0.724662 0.396341 -0.520801 -0.215745
549.000000 22.566833 32.981024 25.645201 0.734587 0.408986 -0.500785 -0.205733
550.000000 23.073714 32.576634 24.883925 0.736166 0.408432 -0.497564 -0.208982
551.000000 23.775347 32.693631 25.586792 0.743296 0.416652 -0.484377 -0.198220
552.000000 23.067756 32.474318 26.258518 0.752424 0.428514 -0.463967 -0.186999
553.000000 22.417815 32.454274 27.018239 0.761460 0.443381 -0.439308 -0.174930
554.000000 22.783969 32.563684 26.094139 0.763460 0.447769 -0.432587 -0.171755
555.000000 23.001607 32.017346 25.285344 0.769077 0.452819 -0.418018 -0.169517
556.000000 22.459687 31.913190 24.451393 0.776892 0.456657 -0.402624 -0.160613
557.000000 21.861321 32.184827 25.205165 0.785442 0.461177 -0.385337 -0.148025
558.000000 20.919235 32.345732 25.499417 0.792873 0.463579 -0.371466 -0.135867
559.000000 20.133726 32.240393 24.889599 0.799526 0.468307 -0.355425 -0.122968
560.000000 19.153816 32.287662 25.083359 0.805616 0.471587 -0.341076 -0.110709
561.000000 18.867062 31.930185 24.194550 0.810395 0.474232 -0.329437 -0.099171
562.000000 17.987213 31.851679 23.725825 0.815173 0.477291 -0.316551 -0.086500
563.000000 17.059737 31.851080 23.351943 0.817233 0.483170 -0.305382 -0.073611
564.000000 16.323099 32.009018 24.009529 0.819036 0.487035 -0.296633 -0.063141
565.000000 15.384951 32.310435 24.179903 0.823797 0.486304 -0.286965 -0.050183
566.000000 15.926939 31.946406 23.422452 0.826648 0.486251 -0.280446 -0.039533
567.000000 16.617099 31.665965 24.089559 0.826137 0.491679 -0.273529 -0.030511
568.000000 16.243175 31.322050 23.228221 0.826782 0.495521 -0.265411 -0.021160
569.000000 15.411499 31.863171 23.103710 0.827578 0.499495 -0.255922 -0.011089
570.000000 14.639328 32.042219 22.494042 0.828374 0.502199 -0.248140 -0.004391
571.000000 15.171583 31.388021 21.956707 0.830558 0.501942 -0.241297 0.001770
572.000000 14.640064 32.070073 22.458994 0.832823 0.501351 -0.234443 0.009456
573.000000 14.843848 31.460879 21.692603 0.834400 0.501821 -0.227096 0.019481
574.000000 14.541057 32.273913 22.189888 0.836753 0.501110 -0.219041 0.027447
575.000000 15.157383 31.604078 21.775808 0.838535 0.501446 -0.209714 0.037836
576.000000 15.610046 31.131989 21.019350 0.839380 0.503210 -0.199839 0.047809
577.000000 15.382714 31.473522 21.931313 0.840035 0.504924 -0.189931 0.057614
578.000000 14.753963 31.021132 21.298845 0.841215 0.506118 -0.178701 0.065328
579.000000 14.055553 31.429558 21.886561 0.842338 0.506970 -0.166723 0.075178
580.000000 13.659168 31.491311 22.802567 0.843377 0.507771 -0.153566 0.085450
581.000000 13.807384 32.214870 23.476728 0.842727 0.510433 -0.142131 0.095223
582.000000 12.944586 32.089107 22.987072 0.841710 0.513432 -0.130582 0.104212
583.000000 13.348604 32.662065 23.700155 0.842426 0.513467 -0.119506 0.111300
584.000000 13.237630 32.197352 22.821676 0.841295 0.516072 -0.109249 0.118140
585.000000 12.690791 31.847103 22.061220 0.839684 0.519317 -0.097827 0.125181
586.000000 13.566060 32.246009 21.787763 0.838569 0.520478 -0.095380 0.129642
587.000000 13.020690 31.992377 20.988862 0.837726 0.522336 -0.084023 0.135353
588.000000 12.049692 32.113897 21.194765 0.835083 0.526218 -0.074279 0.142178
589.000000 12.192758 32.729596 21.969650 0.831691 0.530419 -0.062639 0.151729
590.000000 11.794092 32.236931 21.196122 0.828300 0.534554 -0.052420 0.159449
591.000000 11.424464 32.268504 22.124765 0.827108 0.535232 -0.042552 0.166154
592.000000 11.013925 32.631584 22.961204 0.828323 0.531407 -0.032437 0.174461
593.000000 11.252678 32.130261 22.129536 0.825793 0.533268 -0.022765 0.182133
594.000000 11.614362 32.638116 22.911372 0.824046 0.532915 -0.013062 0.191779
595.000000 11.334660 33.035649 23.785291 0.821156 0.533608 -0.001095 0.202397
596.000000 12.292740 32.760361 23.705917 0.821304 0.533422 0.003751 0.202254
597.000000 13.255528 32.932754 23.914051 0.819603 0.532956 0.018410 0.209450
598.000000 12.726532 32.706572 24.731978 0.817786 0.532902 0.028461 0.215478
599.000000 12.061214 32.415205 25.419333 0.818691 0.529502 0.038125 0.218904
600.000000 12.284316 32.370684 24.445555 0.820081 0.525739 0.047229 0.220986
601.000000 12.158901 31.908254 23.567814 0.822772 0.521803 0.056749 0.218053
602.000000 12.003824 31.438630 22.698674 0.825751 0.518913 0.064715 0.211366
603.000000 11.736887 32.071528 23.425437 0.830405 0.515405 0.069190 0.199998
604.000000 11.454156 32.879956 22.909192 0.835254 0.509873 0.071294 0.193126
605.000000 11.012052 33.733136 22.632374 0.837453 0.506703 0.071967 0.191691
606.000000 11.322931 33.353531 23.503726 0.842021 0.506872 0.071869 0.170047
607.000000 11.055737 33.468081 22.546916 0.846100 0.507216 0.071503 0.147422
608.000000 11.488755 32.694283 23.009226 0.850372 0.506191 0.071257 0.124741
609.000000 11.832763 32.266339 23.845003 0.856653 0.500811 0.068593 0.103094
610.000000 11.364933 32.822377 24.531994 0.859404 0.500598 0.066045 0.080407
611.000000 11.878986 32.195374 25.117328 0.862544 0.498461 0.065020 0.057670
612.000000 12.498469 31.701183 24.507396 0.865402 0.495160 0.063363 0.043375
613.000000 13.201212 31.243909 23.962371 0.867169 0.493777 0.059794 0.025036
614.000000 12.482502 31.884597 24.232508 0.870428 0.488649 0.058840 0.010731
615.000000 13.069782 31.142518 24.555650 0.872476 0.485160 0.058281 -0.002856
616.000000 13.738304 30.420019 24.731925 0.872222 0.485506 0.056366 -0.018319
617.000000 13.534737 30.797026 25.635488 0.871856 0.485488 0.055411 -0.033124
618.000000 13.762650 30.427029 26.536131 0.872115 0.483552 0.055829 -0.049752
619.000000 13.280320 30.993877 25.868268 0.873311 0.478916 0.055609 -0.069823
620.000000 13.665868 30.083948 26.021178 0.872522 0.476429 0.054459 -0.093564
621.000000 14.187306 29.239424 25.899183 0.871842 0.473055 0.052516 -0.115553
622.000000 14.849914 28.568734 26.232537 0.871676 0.467500 0.047609 -0.139134
623.000000 15.211063 28.399866 25.315446 0.869599 0.464838 0.041915 -0.161139
624.000000 14.651013 28.641085 26.108010 0.866720 0.463494 0.038971 -0.180142
625.000000 13.943000 29.236081 25.727618 0.863117 0.462877 0.036041 -0.198681
626.000000 14.007157 28.238407 25.750643 0.858478 0.461340 0.036980 -0.220937
627.000000 13.828108 28.380483 26.724171 0.853309 0.462748 0.035641 -0.237609
628.000000 14.424454 27.585502 26.612924 0.844375 0.462728 0.031548 -0.268174
629.000000 15.270375 27.058674 26.530036 0.839561 0.452918 0.019486 -0.299373
630.000000 14.562723 27.314197 27.188774 0.832951 0.454545 0.015857 -0.315165
631.000000 13.983583 27.839636 27.812080 0.829979 0.457476 0.013499 -0.318855
632.000000 13.973786 27.876233 28.811362 0.826627 0.454175 0.006608 -0.332220
633.000000 14.265398 27.511992 27.926890 0.820961 0.452251 -0.000701 -0.348556
634.000000 13.862388 27.727978 28.816234 0.818205 0.451036 -0.004196 -0.356498
635.000000 14.224164 27.595181 29.738992 0.815730 0.444992 -0.011238 -0.369379
636.000000 13.474940 27.578776 30.401106 0.815585 0.440871 -0.010552 -0.374624
637.000000 14.345685 27.180772 30.689891 0.811902 0.437745 -0.017765 -0.385849
638.000000 14.874743 27.068420 29.848776 0.808942 0.436118 -0.021892 -0.393616
639.000000 15.546967 26.357683 30.056059 0.802519 0.436148 -0.026980 -0.406215
640.000000 15.956216 25.977015 29.226838 0.793954 0.430857 -0.034895 -0.427529
641.000000 16.716894 25.445191 28.854638 0.789165 0.425627 -0.041965 -0.440793
642.000000 17.348593 24.691681 28.672487 0.784231 0.421999 -0.048463 -0.452272
643.000000 16.991180 25.243409 27.918927 0.777690 0.421443 -0.052876 -0.463453
644.000000 16.547609 25.474799 27.053073 0.771791 0.417536 -0.058059 -0.476058
645.000000 16.486411 25.791502 27.999621 0.766674 0.419841 -0.057724 -0.482300
646.000000 16.827062 25.519355 27.099681 0.761148 0.417889 -0.059566 -0.492416
647.000000 17.232667 25.270651 26.220118 -0.753011 -0.410208 0.066897 0.510126
648.000000 17.292555 25.458274 27.200532 -0.751418 -0.411533 0.066508 0.511457
649.000000 17.536698 25.212238 26.262523 -0.748008 -0.406132 0.069180 0.520341
650.000000 16.981685 25.878631 25.764647 -0.744798 -0.403965 0.070107 0.526472
651.000000 17.328003 25.079206 25.273746 -0.739903 -0.400265 0.068843 0.536276
652.000000 17.747606 24.172887 25.223559 -0.734204 -0.395757 0.065626 0.547734
653.000000 17.584091 24.480644 24.286249 -0.729438 -0.391861 0.061483 0.557301
654.000000 18.142907 23.945770 24.919996 -0.727216 -0.391625 0.054784 0.561057
655.000000 18.337439 23.349252 25.698664 -0.729120 -0.390203 0.047194 0.560267
656.000000 18.871721 22.588564 26.067306 -0.731125 -0.391321 0.036269 0.557681
657.000000 19.830519 22.373296 25.881928 -0.732209 -0.392020 0.028559 0.556215
658.000000 19.617163 23.147392 25.285896 -0.737623 -0.390634 0.016452 0.550497
659.000000 19.746049 22.523814 26.056959 -0.743576 -0.389809 0.005289 0.543245
660.000000 20.343546 21.790788 26.382027 -0.748564 -0.389712 -0.007564 0.536394
661.000000 19.529496 21.580598 26.923454 -0.763184 -0.382389 -0.029352 0.520065
662.000000 19.996326 20.773381 27.284661 -0.771551 -0.378311 -0.044405 0.509528
663.000000 20.771298 20.966576 26.682918 -0.769684 -0.382017 -0.047927 0.509266
664.000000 20.029442 21.069478 27.345535 0.787720 0.374390 0.065514 -0.484806
665.000000 20.802336 20.466826 27.146926 0.797194 0.368972 0.076855 -0.471630
666.000000 21.226170 20.866839 26.334304 0.805877 0.363584 0.085317 -0.459446
667.000000 20.402884 21.153349 26.824318 0.817174 0.358667 0.100374 -0.439898
668.000000 19.681440 20.849868 27.446747 0.823777 0.354149 0.108672 -0.429140
669.000000 19.644556 21.786316 27.097883 0.831364 0.349587 0.120092 -0.414970
670.000000 20.549047 21.834751 26.674150 0.837351 0.346351 0.127135 -0.403387
671.000000 21.206061 21.561983 25.971348 0.841629 0.343080 0.133803 -0.395037
672.000000 20.776297 22.444616 26.161774 0.848292 0.340234 0.144167 -0.379285
673.000000 20.106877 22.385306 26.902287 0.855641 0.332874 0.149401 -0.367088
674.000000 19.744143 23.311933 26.803358 0.864763 0.324951 0.156273 -0.349530
675.000000 20.554444 22.852730 26.439290 0.871654 0.319631 0.159723 -0.335475
676.000000 19.763721 23.249572 26.905416 0.877962 0.315430 0.162935 -0.321152
677.000000 19.948105 23.819169 26.104440 0.885084 0.309747 0.166954 -0.304645
678.000000 20.639352 23.377801 25.532276 0.889002 0.307886 0.168164 -0.294283
679.000000 21.516370 22.998658 25.237166 0.892199 0.307164 0.164939 -0.287100
680.000000 21.956814 22.175304 24.879260 0.897599 0.305840 0.171767 -0.266973
681.000000 22.354551 22.400337 23.989786 0.901100 0.302702 0.179680 -0.253192
682.000000 21.926709 23.111491 23.431922 0.905817 0.294980 0.188091 -0.238965
683.000000 22.565552 22.634785 22.828076 0.907791 0.291467 0.194872 -0.230191
684.000000 23.091528 21.941814 22.334983 0.911432 0.282764 0.200884 -0.221320
685.000000 22.902662 22.779114 21.821895 0.916959 0.273221 0.207582 -0.203582
686.000000 23.854816 22.509488 21.678001 0.920432 0.268547 0.209131 -0.192227
687.000000 23.275980 23.280325 21.411996 0.922674 0.265815 0.220848 -0.171003
688.000000 22.726085 23.387793 22.240288 0.924379 0.261233 0.229452 -0.156947
689.000000 23.483384 22.746266 22.118048 0.925653 0.257245 0.234119 -0.148928
690.000000 23.108780 22.488969 23.008818 0.926711 0.252664 0.242345 -0.136512
691.000000 22.630166 22.801751 23.829242 0.927962 0.247474 0.249174 -0.124721
692.000000 23.303227 23.055939 23.134708 0.928627 0.245576 0.254391 -0.112384
693.000000 23.455581 22.142488 22.757356 0.927708 0.246087 0.260971 -0.103404
694.000000 24.080543 21.391415 22.544487 0.928184 0.244729 0.260645 -0.103180
695.000000 23.455443 20.766523 23.012206 0.929504 0.240618 0.265210 -0.088252
696.000000 23.582265 19.932631 22.475046 0.917421 0.248309 0.287693 -0.117957
697.000000 24.281491 20.102980 21.780738 0.917431 0.246829 0.295072 -0.101624
698.000000 24.375519 19.350524 21.128841 0.884518 0.272625 0.349215 -0.146125
699.000000 23.848606 19.286717 21.976362 0.891674 0.252929 0.348572 -0.139433
700.000000 24.268429 19.504488 22.857455 0.906365 0.244381 0.322703 -0.121007
701.000000 25.134004 19.905331 22.557282 0.908912 0.237589 0.324360 -0.110549
702.000000 25.973225 19.973119 22.017733 0.911970 0.227997 0.324528 -0.104926
703.000000 26.523497 19.328164 21.487419 0.914386 0.218793 0.324958 -0.102131
704.000000 26.979966 20.016576 20.923748 0.916566 0.208757 0.325862 -0.100700
705.000000 26.869087 19.022750 20.927776 0.917286 0.201316 0.326406 -0.107322
706.000000 26.433563 18.491565 21.654522 0.916755 0.195884 0.327912 -0.116888
707.000000 27.048492 19.155414 21.228887 0.915429 0.190672 0.330350 -0.128464
708.000000 26.464677 18.402106 21.531684 0.913114 0.185215 0.332513 -0.146128
709.000000 26.022352 18.407444 22.428523 0.910032 0.184905 0.333544 -0.162482
710.000000 25.423467 17.841357 22.994989 0.906763 0.179658 0.337469 -0.177818
711.000000 24.849756 17.196208 23.499605 0.902854 0.174570 0.339561 -0.197684
712.000000 24.300224 16.519720 23.989889 0.897420 0.171370 0.342150 -0.219552
713.000000 23.795343 16.306883 24.826426 0.891546 0.167723 0.347406 -0.237324
714.000000 24.046641 16.075212 23.886651 0.888068 0.158978 0.348501 -0.254181
715.000000 23.845337 15.443363 23.138157 0.875142 0.149192 0.358403 -0.288818
716.000000 23.659340 15.053855 24.040204 0.865926 0.146080 0.365816 -0.308238
717.000000 23.937854 15.427815 24.924842 0.868486 0.146118 0.357356 -0.310931
718.000000 23.843146 14.862250 24.105594 0.841523 0.134693 0.376253 -0.363498
719.000000 23.684041 15.368612 24.953110 0.835435 0.128907 0.377508 -0.378047
720.000000 23.590672 15.206333 25.935427 0.825913 0.126693 0.380575 -0.396206
721.000000 23.833081 15.144430 24.967230 0.817482 0.122215 0.382379 -0.413006
722.000000 24.076977 14.969302 24.013372 0.807485 0.120894 0.383026 -0.432022
723.000000 24.531338 15.004902 23.123266 0.798905 0.123442 0.386414 -0.444068
724.000000 25.124066 15.220500 22.347256 0.789701 0.122779 0.389547 -0.457767
725.000000 25.204368 14.723990 21.482948 0.776583 0.124612 0.393498 -0.475973
726.000000 25.023891 14.215630 20.640927 0.763612 0.127273 0.400124 -0.490509
727.000000 25.421792 14.595960 19.806047 -0.751424 -0.127913 -0.404150 0.505631
728.000000 25.779946 15.263170 20.459160 -0.741315 -0.130702 -0.407687 0.516876
729.000000 26.612635 15.676265 20.090405 -0.733070 -0.134255 -0.409594 0.526133
730.000000 25.840196 15.175341 20.480804 -0.725126 -0.135523 -0.410047 0.536365
731.000000 26.145814 15.144502 19.529149 -0.719810 -0.136001 -0.410186 0.543254
732.000000 25.828916 14.315144 19.068997 -0.713070 -0.136935 -0.410306 0.551751
733.000000 26.464288 15.059420 18.863192 -0.707816 -0.140288 -0.409445 0.558275
734.000000 25.827806 14.313471 18.667102 -0.703513 -0.142308 -0.405892 0.565747
735.000000 26.389325 15.124898 18.829224 -0.699357 -0.144689 -0.403269 0.572136
736.000000 26.905502 14.578686 18.169517 -0.693172 -0.148982 -0.399735 0.580972
737.000000 26.172019 14.038032 18.581457 -0.689313 -0.152420 -0.396126 0.587111
738.000000 26.822676 14.783432 18.436461 -0.683305 -0.157807 -0.396088 0.592710
739.000000 27.544011 14.552695 17.783440 -0.676459 -0.163814 -0.395871 0.599044
740.000000 28.001687 15.322483 18.228366 -0.668586 -0.169323 -0.396782 0.605712
741.000000 28.333238 15.160961 17.298858 -0.657286 -0.174008 -0.398460 0.615569
742.000000 27.755095 14.355295 17.169813 -0.648231 -0.178379 -0.398825 0.623631
743.000000 28.042290 13.680080 16.490398 -0.642119 -0.179065 -0.395464 0.631845
744.000000 28.690703 13.453592 15.763581 -0.639527 -0.180278 -0.392176 0.636163
745.000000 28.067602 13.562866 14.989111 -0.634303 -0.182886 -0.393031 0.640109
746.000000 27.963113 12.639164 14.620525 -0.630632 -0.184978 -0.392266 0.643594
747.000000 28.644492 12.849796 13.919556 0.227019 0.843315 -0.447227 0.193058
748.000000 28.774460 13.755837 14.322294 0.227012 0.842113 -0.449897 0.192103
749.000000 29.654446 14.040013 13.941679 0.228696 0.839582 -0.455793 0.187221
750.000000 28.842102 13.966105 14.520155 0.228696 0.839582 -0.455793 0.187221
751.000000 28.823506 13.335478 13.744292 0.228132 0.840306 -0.455163 0.186195
752.000000 29.306583 12.843616 13.019924 0.228475 0.840759 -0.453960 0.186663
753.000000 29.164142 11.853893 13.007354 0.226728 0.842194 -0.452568 0.185701
754.000000 28.690457 12.184690 13.823563 0.228434 0.842258 -0.451166 0.186733
755.000000 29.071982 13.075267 14.071173 0.228386 0.842827 -0.449935 0.187193
